=> Drawing the read signal
=> Slider value = 
=> 0
=> inside sample but slider didn't move!
=> Sampling value = 0 , use the slider please!
=> Reading file
=> Opening file
=> Slider value = 
=> 0
=> inside sample but slider didn't move!
=> Sampling value = 0 , use the slider please!
=> Slider value = 
=> 1
=> Fourier 2D
=> [[ 0.        -0.j  0.        -0.j]
 [ 1.86090137-0.j -1.85089136-0.j]
 [ 3.5397738 -0.j -3.51975378-0.j]
 ...
 [ 1.4602262 -0.j  8.51975378-0.j]
 [ 3.13909863-0.j  6.85089136-0.j]
 [ 5.        -0.j  5.        -0.j]]
=> Frequencies
=> <map object at 0x000001CAFD6512D0>
=> Fmax = 
=> 10
=> samplingInterval = 
=> 10
=> number of Samples = 
=> 100
=> Sampled amplitude array
=> [0.0, 0, 0, 0, 0, 0, 0, 0, 0, 0, -0.01886839233338833, 0, 0, 0, 0, 0, 0, 0, 0, 0, 0.037736598402261734, 0, 0, 0, 0, 0, 0, 0, 0, 0, -0.05660443380475044, 0, 0, 0, 0, 0, 0, 0, 0, 0, 0.07547170668840408, 0, 0, 0, 0, 0, 0, 0, 0, 0, -0.09433823078870773, 0, 0, 0, 0, 0, 0, 0, 0, 0, 0.11320383101701736, 0, 0, 0, 0, 0, 0, 0, 0, 0, -0.13206830620765686, 0, 0, 0, 0, 0, 0, 0, 0, 0, 0.1509314775466919, 0, 0, 0, 0, 0, 0, 0, 0, 0, -0.16979314386844635, 0, 0, 0, 0, 0, 0, 0, 0, 0, 0.1886531412601471, 0, 0, 0, 0, 0, 0, 0, 0, 0, -0.2075112760066986, 0, 0, 0, 0, 0, 0, 0, 0, 0, 0.22636735439300537, 0, 0, 0, 0, 0, 0, 0, 0, 0, -0.24522119760513306, 0, 0, 0, 0, 0, 0, 0, 0, 0, 0.26407262682914734, 0, 0, 0, 0, 0, 0, 0, 0, 0, -0.2829214036464691, 0, 0, 0, 0, 0, 0, 0, 0, 0, 0.30176740884780884, 0, 0, 0, 0, 0, 0, 0, 0, 0, -0.3206104338169098, 0, 0, 0, 0, 0, 0, 0, 0, 0, 0.33945029973983765, 0, 0, 0, 0, 0, 0, 0, 0, 0, -0.3582867980003357, 0, 0, 0, 0, 0, 0, 0, 0, 0, 0.3771197497844696, 0, 0, 0, 0, 0, 0, 0, 0, 0, -0.39594897627830505, 0, 0, 0, 0, 0, 0, 0, 0, 0, 0.4147742688655853, 0, 0, 0, 0, 0, 0, 0, 0, 0, -0.4335954785346985, 0, 0, 0, 0, 0, 0, 0, 0, 0, 0.4524123966693878, 0, 0, 0, 0, 0, 0, 0, 0, 0, -0.4712248146533966, 0, 0, 0, 0, 0, 0, 0, 0, 0, 0.4900326132774353, 0, 0, 0, 0, 0, 0, 0, 0, 0, -0.5088355541229248, 0, 0, 0, 0, 0, 0, 0, 0, 0, 0.5276334285736084, 0, 0, 0, 0, 0, 0, 0, 0, 0, -0.5464261174201965, 0, 0, 0, 0, 0, 0, 0, 0, 0, 0.5652134418487549, 0, 0, 0, 0, 0, 0, 0, 0, 0, -0.5839951038360596, 0, 0, 0, 0, 0, 0, 0, 0, 0, 0.6027710437774658, 0, 0, 0, 0, 0, 0, 0, 0, 0, -0.6215409636497498, 0, 0, 0, 0, 0, 0, 0, 0, 0, 0.6403048038482666, 0, 0, 0, 0, 0, 0, 0, 0, 0, -0.6590622663497925, 0, 0, 0, 0, 0, 0, 0, 0, 0, 0.6778132319450378, 0, 0, 0, 0, 0, 0, 0, 0, 0, -0.6965574622154236, 0, 0, 0, 0, 0, 0, 0, 0, 0, 0.7152948379516602, 0, 0, 0, 0, 0, 0, 0, 0, 0, -0.7340251207351685, 0, 0, 0, 0, 0, 0, 0, 0, 0, 0.7527481913566589, 0, 0, 0, 0, 0, 0, 0, 0, 0, -0.7714637517929077, 0, 0, 0, 0, 0, 0, 0, 0, 0, 0.79017174243927, 0, 0, 0, 0, 0, 0, 0, 0, 0, -0.808871865272522, 0, 0, 0, 0, 0, 0, 0, 0, 0, 0.827564001083374, 0, 0, 0, 0, 0, 0, 0, 0, 0, -0.8462479710578918, 0, 0, 0, 0, 0, 0, 0, 0, 0, 0.8649235963821411, 0, 0, 0, 0, 0, 0, 0, 0, 0, -0.8835906386375427, 0, 0, 0, 0, 0, 0, 0, 0, 0, 0.9022489190101624, 0, 0, 0, 0, 0, 0, 0, 0, 0, -0.9208983182907104, 0, 0, 0, 0, 0, 0, 0, 0, 0, 0.9395385980606079, 0, 0, 0, 0, 0, 0, 0, 0, 0, -0.9581695795059204, 0, 0, 0, 0, 0, 0, 0, 0, 0, 0.9767910838127136, 0, 0, 0, 0, 0, 0, 0, 0, 0, -0.9954029321670532, 0, 0, 0, 0, 0, 0, 0, 0, 0, 1.0140049457550049, 0, 0, 0, 0, 0, 0, 0, 0, 0, -1.0325969457626343, 0, 0, 0, 0, 0, 0, 0, 0, 0, 1.0511786937713623, 0, 0, 0, 0, 0, 0, 0, 0, 0, -1.0697500705718994, 0, 0, 0, 0, 0, 0, 0, 0, 0, 1.0883108377456665, 0, 0, 0, 0, 0, 0, 0, 0, 0, -1.106860876083374, 0, 0, 0, 0, 0, 0, 0, 0, 0, 1.1253999471664429, 0, 0, 0, 0, 0, 0, 0, 0, 0, -1.143927812576294, 0, 0, 0, 0, 0, 0, 0, 0, 0, 1.1624444723129272, 0, 0, 0, 0, 0, 0, 0, 0, 0, -1.1809496879577637, 0, 0, 0, 0, 0, 0, 0, 0, 0, 1.1994431018829346, 0, 0, 0, 0, 0, 0, 0, 0, 0, -1.21792471408844, 0, 0, 0, 0, 0, 0, 0, 0, 0, 1.2363942861557007, 0, 0, 0, 0, 0, 0, 0, 0, 0, -1.2548515796661377, 0, 0, 0, 0, 0, 0, 0, 0, 0, 1.2732964754104614, 0, 0, 0, 0, 0, 0, 0, 0, 0, -1.2917288541793823, 0, 0, 0, 0, 0, 0, 0, 0, 0, 1.3101483583450317, 0, 0, 0, 0, 0, 0, 0, 0, 0, -1.3285549879074097, 0, 0, 0, 0, 0, 0, 0, 0, 0, 1.346948504447937, 0, 0, 0, 0, 0, 0, 0, 0, 0, -1.3653285503387451, 0, 0, 0, 0, 0, 0, 0, 0, 0, 1.3836952447891235, 0, 0, 0, 0, 0, 0, 0, 0, 0, -1.4020482301712036, 0, 0, 0, 0, 0, 0, 0, 0, 0, 1.4203872680664062, 0, 0, 0, 0, 0, 0, 0, 0, 0, -1.4387123584747314, 0, 0, 0, 0, 0, 0, 0, 0, 0, 1.4570231437683105, 0, 0, 0, 0, 0, 0, 0, 0, 0, -1.475319504737854, 0, 0, 0, 0, 0, 0, 0, 0, 0, 1.4936013221740723, 0, 0, 0, 0, 0, 0, 0, 0, 0, -1.5118683576583862, 0, 0, 0, 0, 0, 0, 0, 0, 0, 1.5301204919815063, 0, 0, 0, 0, 0, 0, 0, 0, 0, -1.548357367515564, 0, 0, 0, 0, 0, 0, 0, 0, 0, 1.5665791034698486, 0, 0, 0, 0, 0, 0, 0, 0, 0, -1.5847852230072021, 0, 0, 0, 0, 0, 0, 0, 0, 0, 1.6029757261276245, 0, 0, 0, 0, 0, 0, 0, 0, 0, -1.6211503744125366, 0, 0, 0, 0, 0, 0, 0, 0, 0, 1.6393089294433594, 0, 0, 0, 0, 0, 0, 0, 0, 0, -1.6574512720108032, 0, 0, 0, 0, 0, 0, 0, 0, 0, 1.6755772829055786, 0, 0, 0, 0, 0, 0, 0, 0, 0, -1.6936867237091064, 0, 0, 0, 0, 0, 0, 0, 0, 0, 1.7117793560028076, 0, 0, 0, 0, 0, 0, 0, 0, 0, -1.7298551797866821, 0, 0, 0, 0, 0, 0, 0, 0, 0, 1.7479138374328613, 0, 0, 0, 0, 0, 0, 0, 0, 0, -1.7659550905227661, 0, 0, 0, 0, 0, 0, 0, 0, 0, 1.783979058265686, 0, 0, 0, 0, 0, 0, 0, 0, 0, -1.801985263824463, 0, 0, 0, 0, 0, 0, 0, 0, 0, 1.8199737071990967, 0, 0, 0, 0, 0, 0, 0, 0, 0, -1.8379441499710083, 0, 0, 0, 0, 0, 0, 0, 0, 0]
=> sucessfully finished the sampling
=> choose blue for the sampled
=> Passed by the draw call of the samples
=> Slider value = 
=> 2
=> Fourier 2D
=> [[ 0.        -0.j  0.        -0.j]
 [ 1.86090137-0.j -1.85089136-0.j]
 [ 3.5397738 -0.j -3.51975378-0.j]
 ...
 [ 1.4602262 -0.j  8.51975378-0.j]
 [ 3.13909863-0.j  6.85089136-0.j]
 [ 5.        -0.j  5.        -0.j]]
=> Frequencies
=> <map object at 0x000001CAFD651270>
=> Fmax = 
=> 10
=> samplingInterval = 
=> 20
=> number of Samples = 
=> 50
=> Sampled amplitude array
=> [0.0, 0, 0, 0, 0, 0, 0, 0, 0, 0, 0, 0, 0, 0, 0, 0, 0, 0, 0, 0, 0.037736598402261734, 0, 0, 0, 0, 0, 0, 0, 0, 0, 0, 0, 0, 0, 0, 0, 0, 0, 0, 0, 0.07547170668840408, 0, 0, 0, 0, 0, 0, 0, 0, 0, 0, 0, 0, 0, 0, 0, 0, 0, 0, 0, 0.11320383101701736, 0, 0, 0, 0, 0, 0, 0, 0, 0, 0, 0, 0, 0, 0, 0, 0, 0, 0, 0, 0.1509314775466919, 0, 0, 0, 0, 0, 0, 0, 0, 0, 0, 0, 0, 0, 0, 0, 0, 0, 0, 0, 0.1886531412601471, 0, 0, 0, 0, 0, 0, 0, 0, 0, 0, 0, 0, 0, 0, 0, 0, 0, 0, 0, 0.22636735439300537, 0, 0, 0, 0, 0, 0, 0, 0, 0, 0, 0, 0, 0, 0, 0, 0, 0, 0, 0, 0.26407262682914734, 0, 0, 0, 0, 0, 0, 0, 0, 0, 0, 0, 0, 0, 0, 0, 0, 0, 0, 0, 0.30176740884780884, 0, 0, 0, 0, 0, 0, 0, 0, 0, 0, 0, 0, 0, 0, 0, 0, 0, 0, 0, 0.33945029973983765, 0, 0, 0, 0, 0, 0, 0, 0, 0, 0, 0, 0, 0, 0, 0, 0, 0, 0, 0, 0.3771197497844696, 0, 0, 0, 0, 0, 0, 0, 0, 0, 0, 0, 0, 0, 0, 0, 0, 0, 0, 0, 0.4147742688655853, 0, 0, 0, 0, 0, 0, 0, 0, 0, 0, 0, 0, 0, 0, 0, 0, 0, 0, 0, 0.4524123966693878, 0, 0, 0, 0, 0, 0, 0, 0, 0, 0, 0, 0, 0, 0, 0, 0, 0, 0, 0, 0.4900326132774353, 0, 0, 0, 0, 0, 0, 0, 0, 0, 0, 0, 0, 0, 0, 0, 0, 0, 0, 0, 0.5276334285736084, 0, 0, 0, 0, 0, 0, 0, 0, 0, 0, 0, 0, 0, 0, 0, 0, 0, 0, 0, 0.5652134418487549, 0, 0, 0, 0, 0, 0, 0, 0, 0, 0, 0, 0, 0, 0, 0, 0, 0, 0, 0, 0.6027710437774658, 0, 0, 0, 0, 0, 0, 0, 0, 0, 0, 0, 0, 0, 0, 0, 0, 0, 0, 0, 0.6403048038482666, 0, 0, 0, 0, 0, 0, 0, 0, 0, 0, 0, 0, 0, 0, 0, 0, 0, 0, 0, 0.6778132319450378, 0, 0, 0, 0, 0, 0, 0, 0, 0, 0, 0, 0, 0, 0, 0, 0, 0, 0, 0, 0.7152948379516602, 0, 0, 0, 0, 0, 0, 0, 0, 0, 0, 0, 0, 0, 0, 0, 0, 0, 0, 0, 0.7527481913566589, 0, 0, 0, 0, 0, 0, 0, 0, 0, 0, 0, 0, 0, 0, 0, 0, 0, 0, 0, 0.79017174243927, 0, 0, 0, 0, 0, 0, 0, 0, 0, 0, 0, 0, 0, 0, 0, 0, 0, 0, 0, 0.827564001083374, 0, 0, 0, 0, 0, 0, 0, 0, 0, 0, 0, 0, 0, 0, 0, 0, 0, 0, 0, 0.8649235963821411, 0, 0, 0, 0, 0, 0, 0, 0, 0, 0, 0, 0, 0, 0, 0, 0, 0, 0, 0, 0.9022489190101624, 0, 0, 0, 0, 0, 0, 0, 0, 0, 0, 0, 0, 0, 0, 0, 0, 0, 0, 0, 0.9395385980606079, 0, 0, 0, 0, 0, 0, 0, 0, 0, 0, 0, 0, 0, 0, 0, 0, 0, 0, 0, 0.9767910838127136, 0, 0, 0, 0, 0, 0, 0, 0, 0, 0, 0, 0, 0, 0, 0, 0, 0, 0, 0, 1.0140049457550049, 0, 0, 0, 0, 0, 0, 0, 0, 0, 0, 0, 0, 0, 0, 0, 0, 0, 0, 0, 1.0511786937713623, 0, 0, 0, 0, 0, 0, 0, 0, 0, 0, 0, 0, 0, 0, 0, 0, 0, 0, 0, 1.0883108377456665, 0, 0, 0, 0, 0, 0, 0, 0, 0, 0, 0, 0, 0, 0, 0, 0, 0, 0, 0, 1.1253999471664429, 0, 0, 0, 0, 0, 0, 0, 0, 0, 0, 0, 0, 0, 0, 0, 0, 0, 0, 0, 1.1624444723129272, 0, 0, 0, 0, 0, 0, 0, 0, 0, 0, 0, 0, 0, 0, 0, 0, 0, 0, 0, 1.1994431018829346, 0, 0, 0, 0, 0, 0, 0, 0, 0, 0, 0, 0, 0, 0, 0, 0, 0, 0, 0, 1.2363942861557007, 0, 0, 0, 0, 0, 0, 0, 0, 0, 0, 0, 0, 0, 0, 0, 0, 0, 0, 0, 1.2732964754104614, 0, 0, 0, 0, 0, 0, 0, 0, 0, 0, 0, 0, 0, 0, 0, 0, 0, 0, 0, 1.3101483583450317, 0, 0, 0, 0, 0, 0, 0, 0, 0, 0, 0, 0, 0, 0, 0, 0, 0, 0, 0, 1.346948504447937, 0, 0, 0, 0, 0, 0, 0, 0, 0, 0, 0, 0, 0, 0, 0, 0, 0, 0, 0, 1.3836952447891235, 0, 0, 0, 0, 0, 0, 0, 0, 0, 0, 0, 0, 0, 0, 0, 0, 0, 0, 0, 1.4203872680664062, 0, 0, 0, 0, 0, 0, 0, 0, 0, 0, 0, 0, 0, 0, 0, 0, 0, 0, 0, 1.4570231437683105, 0, 0, 0, 0, 0, 0, 0, 0, 0, 0, 0, 0, 0, 0, 0, 0, 0, 0, 0, 1.4936013221740723, 0, 0, 0, 0, 0, 0, 0, 0, 0, 0, 0, 0, 0, 0, 0, 0, 0, 0, 0, 1.5301204919815063, 0, 0, 0, 0, 0, 0, 0, 0, 0, 0, 0, 0, 0, 0, 0, 0, 0, 0, 0, 1.5665791034698486, 0, 0, 0, 0, 0, 0, 0, 0, 0, 0, 0, 0, 0, 0, 0, 0, 0, 0, 0, 1.6029757261276245, 0, 0, 0, 0, 0, 0, 0, 0, 0, 0, 0, 0, 0, 0, 0, 0, 0, 0, 0, 1.6393089294433594, 0, 0, 0, 0, 0, 0, 0, 0, 0, 0, 0, 0, 0, 0, 0, 0, 0, 0, 0, 1.6755772829055786, 0, 0, 0, 0, 0, 0, 0, 0, 0, 0, 0, 0, 0, 0, 0, 0, 0, 0, 0, 1.7117793560028076, 0, 0, 0, 0, 0, 0, 0, 0, 0, 0, 0, 0, 0, 0, 0, 0, 0, 0, 0, 1.7479138374328613, 0, 0, 0, 0, 0, 0, 0, 0, 0, 0, 0, 0, 0, 0, 0, 0, 0, 0, 0, 1.783979058265686, 0, 0, 0, 0, 0, 0, 0, 0, 0, 0, 0, 0, 0, 0, 0, 0, 0, 0, 0, 1.8199737071990967, 0, 0, 0, 0, 0, 0, 0, 0, 0, 0, 0, 0, 0, 0, 0, 0, 0, 0, 0]
=> sucessfully finished the sampling
=> choose blue for the sampled
=> Passed by the draw call of the samples
=> Slider value = 
=> 3
=> Fourier 2D
=> [[ 0.        -0.j  0.        -0.j]
 [ 1.86090137-0.j -1.85089136-0.j]
 [ 3.5397738 -0.j -3.51975378-0.j]
 ...
 [ 1.4602262 -0.j  8.51975378-0.j]
 [ 3.13909863-0.j  6.85089136-0.j]
 [ 5.        -0.j  5.        -0.j]]
=> Frequencies
=> <map object at 0x000001CAFD652710>
=> Fmax = 
=> 10
=> samplingInterval = 
=> 30
=> number of Samples = 
=> 33
=> Sampled amplitude array
=> [0.0, 0, 0, 0, 0, 0, 0, 0, 0, 0, 0, 0, 0, 0, 0, 0, 0, 0, 0, 0, 0, 0, 0, 0, 0, 0, 0, 0, 0, 0, -0.05660443380475044, 0, 0, 0, 0, 0, 0, 0, 0, 0, 0, 0, 0, 0, 0, 0, 0, 0, 0, 0, 0, 0, 0, 0, 0, 0, 0, 0, 0, 0, 0.11320383101701736, 0, 0, 0, 0, 0, 0, 0, 0, 0, 0, 0, 0, 0, 0, 0, 0, 0, 0, 0, 0, 0, 0, 0, 0, 0, 0, 0, 0, 0, -0.16979314386844635, 0, 0, 0, 0, 0, 0, 0, 0, 0, 0, 0, 0, 0, 0, 0, 0, 0, 0, 0, 0, 0, 0, 0, 0, 0, 0, 0, 0, 0, 0.22636735439300537, 0, 0, 0, 0, 0, 0, 0, 0, 0, 0, 0, 0, 0, 0, 0, 0, 0, 0, 0, 0, 0, 0, 0, 0, 0, 0, 0, 0, 0, -0.2829214036464691, 0, 0, 0, 0, 0, 0, 0, 0, 0, 0, 0, 0, 0, 0, 0, 0, 0, 0, 0, 0, 0, 0, 0, 0, 0, 0, 0, 0, 0, 0.33945029973983765, 0, 0, 0, 0, 0, 0, 0, 0, 0, 0, 0, 0, 0, 0, 0, 0, 0, 0, 0, 0, 0, 0, 0, 0, 0, 0, 0, 0, 0, -0.39594897627830505, 0, 0, 0, 0, 0, 0, 0, 0, 0, 0, 0, 0, 0, 0, 0, 0, 0, 0, 0, 0, 0, 0, 0, 0, 0, 0, 0, 0, 0, 0.4524123966693878, 0, 0, 0, 0, 0, 0, 0, 0, 0, 0, 0, 0, 0, 0, 0, 0, 0, 0, 0, 0, 0, 0, 0, 0, 0, 0, 0, 0, 0, -0.5088355541229248, 0, 0, 0, 0, 0, 0, 0, 0, 0, 0, 0, 0, 0, 0, 0, 0, 0, 0, 0, 0, 0, 0, 0, 0, 0, 0, 0, 0, 0, 0.5652134418487549, 0, 0, 0, 0, 0, 0, 0, 0, 0, 0, 0, 0, 0, 0, 0, 0, 0, 0, 0, 0, 0, 0, 0, 0, 0, 0, 0, 0, 0, -0.6215409636497498, 0, 0, 0, 0, 0, 0, 0, 0, 0, 0, 0, 0, 0, 0, 0, 0, 0, 0, 0, 0, 0, 0, 0, 0, 0, 0, 0, 0, 0, 0.6778132319450378, 0, 0, 0, 0, 0, 0, 0, 0, 0, 0, 0, 0, 0, 0, 0, 0, 0, 0, 0, 0, 0, 0, 0, 0, 0, 0, 0, 0, 0, -0.7340251207351685, 0, 0, 0, 0, 0, 0, 0, 0, 0, 0, 0, 0, 0, 0, 0, 0, 0, 0, 0, 0, 0, 0, 0, 0, 0, 0, 0, 0, 0, 0.79017174243927, 0, 0, 0, 0, 0, 0, 0, 0, 0, 0, 0, 0, 0, 0, 0, 0, 0, 0, 0, 0, 0, 0, 0, 0, 0, 0, 0, 0, 0, -0.8462479710578918, 0, 0, 0, 0, 0, 0, 0, 0, 0, 0, 0, 0, 0, 0, 0, 0, 0, 0, 0, 0, 0, 0, 0, 0, 0, 0, 0, 0, 0, 0.9022489190101624, 0, 0, 0, 0, 0, 0, 0, 0, 0, 0, 0, 0, 0, 0, 0, 0, 0, 0, 0, 0, 0, 0, 0, 0, 0, 0, 0, 0, 0, -0.9581695795059204, 0, 0, 0, 0, 0, 0, 0, 0, 0, 0, 0, 0, 0, 0, 0, 0, 0, 0, 0, 0, 0, 0, 0, 0, 0, 0, 0, 0, 0, 1.0140049457550049, 0, 0, 0, 0, 0, 0, 0, 0, 0, 0, 0, 0, 0, 0, 0, 0, 0, 0, 0, 0, 0, 0, 0, 0, 0, 0, 0, 0, 0, -1.0697500705718994, 0, 0, 0, 0, 0, 0, 0, 0, 0, 0, 0, 0, 0, 0, 0, 0, 0, 0, 0, 0, 0, 0, 0, 0, 0, 0, 0, 0, 0, 1.1253999471664429, 0, 0, 0, 0, 0, 0, 0, 0, 0, 0, 0, 0, 0, 0, 0, 0, 0, 0, 0, 0, 0, 0, 0, 0, 0, 0, 0, 0, 0, -1.1809496879577637, 0, 0, 0, 0, 0, 0, 0, 0, 0, 0, 0, 0, 0, 0, 0, 0, 0, 0, 0, 0, 0, 0, 0, 0, 0, 0, 0, 0, 0, 1.2363942861557007, 0, 0, 0, 0, 0, 0, 0, 0, 0, 0, 0, 0, 0, 0, 0, 0, 0, 0, 0, 0, 0, 0, 0, 0, 0, 0, 0, 0, 0, -1.2917288541793823, 0, 0, 0, 0, 0, 0, 0, 0, 0, 0, 0, 0, 0, 0, 0, 0, 0, 0, 0, 0, 0, 0, 0, 0, 0, 0, 0, 0, 0, 1.346948504447937, 0, 0, 0, 0, 0, 0, 0, 0, 0, 0, 0, 0, 0, 0, 0, 0, 0, 0, 0, 0, 0, 0, 0, 0, 0, 0, 0, 0, 0, -1.4020482301712036, 0, 0, 0, 0, 0, 0, 0, 0, 0, 0, 0, 0, 0, 0, 0, 0, 0, 0, 0, 0, 0, 0, 0, 0, 0, 0, 0, 0, 0, 1.4570231437683105, 0, 0, 0, 0, 0, 0, 0, 0, 0, 0, 0, 0, 0, 0, 0, 0, 0, 0, 0, 0, 0, 0, 0, 0, 0, 0, 0, 0, 0, -1.5118683576583862, 0, 0, 0, 0, 0, 0, 0, 0, 0, 0, 0, 0, 0, 0, 0, 0, 0, 0, 0, 0, 0, 0, 0, 0, 0, 0, 0, 0, 0, 1.5665791034698486, 0, 0, 0, 0, 0, 0, 0, 0, 0, 0, 0, 0, 0, 0, 0, 0, 0, 0, 0, 0, 0, 0, 0, 0, 0, 0, 0, 0, 0, -1.6211503744125366, 0, 0, 0, 0, 0, 0, 0, 0, 0, 0, 0, 0, 0, 0, 0, 0, 0, 0, 0, 0, 0, 0, 0, 0, 0, 0, 0, 0, 0, 1.6755772829055786, 0, 0, 0, 0, 0, 0, 0, 0, 0, 0, 0, 0, 0, 0, 0, 0, 0, 0, 0, 0, 0, 0, 0, 0, 0, 0, 0, 0, 0, -1.7298551797866821, 0, 0, 0, 0, 0, 0, 0, 0, 0, 0, 0, 0, 0, 0, 0, 0, 0, 0, 0, 0, 0, 0, 0, 0, 0, 0, 0, 0, 0, 1.783979058265686, 0, 0, 0, 0, 0, 0, 0, 0, 0, 0, 0, 0, 0, 0, 0, 0, 0, 0, 0, 0, 0, 0, 0, 0, 0, 0, 0, 0, 0, -1.8379441499710083, 0, 0, 0, 0, 0, 0, 0, 0, 0]
=> sucessfully finished the sampling
=> choose blue for the sampled
=> Passed by the draw call of the samples
=> Closing!! BYE 
